# relative_time, cycles_done, cur_item, corpus_count, pending_total, pending_favs, map_size, saved_crashes, saved_hangs, max_depth, execs_per_sec, total_execs, edges_found, total_crashes, servers_count
61, 1, 115, 116, 11, 1, 11.02%, 0, 0, 3, 830.79, 47573, 328, 0, 0
66, 2, 48, 116, 8, 0, 11.02%, 0, 0, 3, 991.49, 52704, 328, 0, 0
71, 2, 43, 116, 7, 0, 11.02%, 0, 0, 3, 908.77, 57304, 328, 0, 0
76, 2, 44, 120, 8, 0, 11.19%, 0, 0, 3, 870.41, 61615, 333, 0, 0
81, 2, 33, 120, 7, 0, 11.19%, 0, 0, 3, 959.38, 66604, 333, 0, 0
87, 3, 24, 120, 5, 0, 11.19%, 0, 0, 3, 977.13, 71486, 333, 0, 0
92, 3, 42, 120, 4, 0, 11.19%, 0, 0, 3, 1000.41, 76712, 333, 0, 0
97, 3, 27, 120, 3, 0, 11.19%, 0, 0, 3, 787.66, 81387, 333, 0, 0
102, 4, 89, 120, 3, 0, 11.19%, 0, 0, 3, 961.22, 86459, 333, 0, 0
107, 4, 74, 120, 1, 0, 11.19%, 0, 0, 3, 993.06, 91274, 333, 0, 0
112, 4, 69, 120, 1, 0, 11.19%, 0, 0, 3, 953.24, 96015, 333, 0, 0
117, 5, 42, 120, 1, 0, 11.19%, 0, 0, 3, 915.03, 100704, 333, 0, 0
122, 5, 44, 121, 1, 0, 11.22%, 0, 0, 4, 951.63, 105501, 334, 0, 0
127, 5, 53, 121, 1, 0, 11.22%, 0, 0, 4, 996.16, 110732, 334, 0, 0
132, 5, 26, 121, 1, 0, 11.22%, 0, 0, 4, 1021.97, 115901, 334, 0, 0
138, 6, 91, 121, 1, 0, 11.22%, 0, 0, 4, 988.54, 121077, 334, 0, 0
143, 6, 56, 121, 1, 0, 11.22%, 0, 0, 4, 991.89, 126057, 334, 0, 0
148, 6, 47, 121, 0, 0, 11.22%, 0, 0, 4, 1014.55, 131146, 334, 0, 0
153, 7, 74, 121, 0, 0, 11.22%, 0, 0, 4, 1061.67, 136159, 334, 0, 0
158, 7, 60, 122, 0, 0, 11.22%, 0, 0, 4, 1036.07, 141317, 334, 0, 0
163, 7, 51, 122, 0, 0, 11.22%, 0, 0, 4, 1030.48, 146631, 334, 0, 0
168, 8, 62, 122, 0, 0, 11.22%, 0, 0, 4, 1055.52, 152124, 334, 0, 0
173, 8, 59, 122, 0, 0, 11.22%, 0, 0, 4, 1051.33, 157576, 334, 0, 0
178, 8, 93, 122, 0, 0, 11.22%, 0, 0, 4, 1021.13, 162827, 334, 0, 0
184, 9, 89, 122, 0, 0, 11.22%, 0, 0, 4, 1023.49, 168155, 334, 0, 0
189, 9, 42, 122, 0, 0, 11.22%, 0, 0, 4, 998.71, 173187, 334, 0, 0
194, 9, 92, 122, 0, 0, 11.22%, 0, 0, 4, 1025.66, 178267, 334, 0, 0
199, 9, 51, 122, 0, 0, 11.22%, 0, 0, 4, 1009.81, 183229, 334, 0, 0
204, 10, 47, 122, 0, 0, 11.22%, 0, 0, 4, 1022.89, 188579, 334, 0, 0
209, 10, 42, 122, 0, 0, 11.22%, 0, 0, 4, 1024.36, 193925, 334, 0, 0
214, 10, 50, 122, 0, 0, 11.22%, 0, 0, 4, 1022.60, 198980, 334, 0, 0
219, 11, 48, 122, 0, 0, 11.22%, 0, 0, 4, 1032.95, 204174, 334, 0, 0
224, 11, 84, 122, 0, 0, 11.22%, 0, 0, 4, 1062.54, 209545, 334, 0, 0
229, 11, 43, 122, 0, 0, 11.22%, 0, 0, 4, 1035.24, 214706, 334, 0, 0
235, 12, 97, 122, 0, 0, 11.22%, 0, 0, 4, 1042.12, 220149, 334, 0, 0
240, 12, 62, 122, 0, 0, 11.22%, 0, 0, 4, 1024.22, 225413, 334, 0, 0
245, 12, 120, 122, 0, 0, 11.22%, 0, 0, 4, 1000.52, 230534, 334, 0, 0
250, 13, 24, 122, 0, 0, 11.22%, 0, 0, 4, 1039.86, 235777, 334, 0, 0
255, 13, 31, 122, 0, 0, 11.22%, 0, 0, 4, 1002.94, 240729, 334, 0, 0
260, 13, 43, 122, 0, 0, 11.22%, 0, 0, 4, 1020.40, 245934, 334, 0, 0
265, 14, 53, 122, 0, 0, 11.22%, 0, 0, 4, 1031.75, 251147, 334, 0, 0
270, 14, 59, 123, 0, 0, 11.25%, 0, 0, 4, 998.35, 255984, 335, 0, 0
275, 14, 74, 123, 0, 0, 11.25%, 0, 0, 4, 991.26, 261079, 335, 0, 0
280, 15, 107, 123, 0, 0, 11.25%, 0, 0, 4, 1017.02, 266436, 335, 0, 0
285, 15, 79, 123, 0, 0, 11.25%, 0, 0, 4, 1005.96, 271574, 335, 0, 0
290, 15, 123, 124, 1, 1, 11.29%, 0, 0, 4, 71.15, 276542, 336, 0, 0
296, 15, 62, 124, 0, 0, 11.29%, 0, 0, 4, 999.54, 281616, 336, 0, 0
301, 16, 91, 124, 0, 0, 11.29%, 0, 0, 4, 1009.39, 286698, 336, 0, 0
306, 16, 31, 124, 0, 0, 11.29%, 0, 0, 4, 1012.30, 291791, 336, 0, 0
311, 16, 83, 124, 0, 0, 11.29%, 0, 0, 4, 1036.03, 297004, 336, 0, 0
316, 17, 91, 124, 0, 0, 11.29%, 0, 0, 4, 1022.25, 302301, 336, 0, 0
321, 17, 75, 124, 0, 0, 11.29%, 0, 0, 4, 1034.01, 307658, 336, 0, 0
326, 17, 31, 124, 0, 0, 11.29%, 0, 0, 4, 1021.57, 312780, 336, 0, 0
331, 17, 44, 124, 0, 0, 11.29%, 0, 0, 4, 1043.95, 318200, 336, 0, 0
336, 18, 110, 125, 0, 0, 11.29%, 0, 0, 4, 1049.74, 323512, 336, 0, 0
341, 18, 44, 125, 0, 0, 11.29%, 0, 0, 4, 973.76, 328169, 336, 0, 0
346, 18, 123, 125, 0, 0, 11.29%, 0, 0, 4, 974.81, 333144, 336, 0, 0
351, 19, 109, 125, 0, 0, 11.29%, 0, 0, 4, 1027.93, 338374, 336, 0, 0
357, 19, 28, 125, 0, 0, 11.29%, 0, 0, 4, 1039.03, 343802, 336, 0, 0
362, 19, 53, 125, 0, 0, 11.29%, 0, 0, 4, 1045.83, 349237, 336, 0, 0
367, 20, 48, 125, 0, 0, 11.29%, 0, 0, 4, 1041.59, 354464, 336, 0, 0
372, 20, 91, 125, 0, 0, 11.29%, 0, 0, 4, 1054.74, 359768, 336, 0, 0
373, 20, 70, 125, 0, 0, 11.29%, 0, 0, 4, 1054.34, 360950, 336, 0, 0
