# relative_time, cycles_done, cur_item, corpus_count, pending_total, pending_favs, map_size, saved_crashes, saved_hangs, max_depth, execs_per_sec, total_execs, edges_found, total_crashes, servers_count
61, 5, 62, 95, 16, 0, 10.58%, 0, 0, 4, 1124.68, 68519, 315, 0, 0
66, 5, 95, 102, 23, 1, 10.82%, 0, 0, 4, 1049.68, 73634, 322, 0, 0
71, 5, 95, 102, 23, 1, 10.82%, 0, 0, 4, 865.56, 78213, 322, 0, 0
76, 5, 98, 103, 22, 4, 10.82%, 0, 0, 5, 768.69, 81521, 322, 0, 0
81, 5, 103, 105, 19, 0, 10.82%, 0, 0, 6, 143.84, 86461, 322, 0, 0
87, 6, 108, 110, 19, 2, 10.95%, 0, 0, 6, 1082.00, 91923, 326, 0, 0
92, 6, 110, 114, 21, 2, 11.02%, 0, 0, 6, 875.42, 95630, 328, 0, 0
97, 7, 55, 115, 17, 0, 11.02%, 0, 0, 6, 989.48, 100647, 328, 0, 0
102, 8, 56, 116, 16, 0, 11.12%, 0, 0, 6, 1014.79, 105732, 331, 0, 0
107, 9, 23, 119, 17, 0, 11.19%, 0, 0, 6, 903.45, 109682, 333, 0, 0
112, 9, 76, 119, 17, 0, 11.19%, 0, 0, 6, 769.18, 113599, 333, 0, 0
117, 9, 101, 120, 17, 0, 11.19%, 0, 0, 6, 652.09, 116724, 333, 0, 0
122, 9, 117, 120, 16, 0, 11.19%, 0, 0, 6, 577.99, 119703, 333, 0, 0
127, 9, 117, 122, 18, 0, 11.25%, 0, 0, 6, 580.35, 122238, 335, 0, 0
132, 10, 42, 122, 16, 0, 11.25%, 0, 0, 6, 796.53, 125734, 335, 0, 0
137, 10, 108, 122, 15, 0, 11.25%, 0, 0, 6, 948.30, 130750, 335, 0, 0
143, 10, 121, 123, 14, 0, 11.25%, 0, 0, 6, 856.85, 134612, 335, 0, 0
148, 11, 72, 123, 13, 0, 11.25%, 0, 0, 6, 1001.49, 139968, 335, 0, 0
153, 11, 113, 125, 13, 0, 11.25%, 0, 0, 6, 1072.39, 145433, 335, 0, 0
158, 11, 121, 126, 12, 0, 11.25%, 0, 0, 6, 870.59, 149565, 335, 0, 0
163, 12, 67, 126, 9, 0, 11.25%, 0, 0, 6, 1089.64, 155436, 335, 0, 0
168, 13, 32, 126, 8, 0, 11.25%, 0, 0, 6, 1068.52, 160644, 335, 0, 0
173, 13, 88, 126, 7, 0, 11.25%, 0, 0, 6, 789.29, 164720, 335, 0, 0
178, 13, 126, 128, 8, 0, 11.25%, 0, 0, 6, 936.12, 169544, 335, 0, 0
184, 14, 76, 128, 6, 0, 11.25%, 0, 0, 6, 1049.77, 175223, 335, 0, 0
189, 15, 36, 128, 5, 0, 11.25%, 0, 0, 6, 220.63, 180253, 335, 0, 0
194, 15, 102, 129, 6, 0, 11.25%, 0, 0, 6, 864.87, 185162, 335, 0, 0
199, 16, 54, 129, 4, 0, 11.25%, 0, 0, 6, 1000.75, 190545, 335, 0, 0
204, 17, 23, 129, 4, 0, 11.25%, 0, 0, 6, 1078.66, 196143, 335, 0, 0
209, 17, 87, 129, 4, 0, 11.25%, 0, 0, 6, 1003.50, 200670, 335, 0, 0
214, 18, 47, 129, 4, 0, 11.25%, 0, 0, 6, 1082.66, 206221, 335, 0, 0
219, 18, 124, 129, 4, 0, 11.25%, 0, 0, 6, 1106.67, 211727, 335, 0, 0
224, 19, 56, 129, 4, 0, 11.25%, 0, 0, 6, 559.77, 216048, 335, 0, 0
230, 20, 23, 129, 4, 0, 11.25%, 0, 0, 6, 924.97, 221346, 335, 0, 0
235, 20, 100, 129, 4, 0, 11.25%, 0, 0, 6, 1065.11, 226922, 335, 0, 0
240, 21, 36, 129, 3, 0, 11.25%, 0, 0, 6, 318.23, 230941, 335, 0, 0
245, 21, 117, 129, 3, 0, 11.25%, 0, 0, 6, 959.59, 236613, 335, 0, 0
250, 22, 91, 129, 3, 0, 11.25%, 0, 0, 6, 1116.57, 242422, 335, 0, 0
255, 23, 36, 129, 2, 0, 11.25%, 0, 0, 6, 243.07, 247410, 335, 0, 0
260, 23, 108, 129, 2, 0, 11.25%, 0, 0, 6, 889.22, 252398, 335, 0, 0
265, 24, 79, 129, 2, 0, 11.25%, 0, 0, 6, 1066.95, 258289, 335, 0, 0
270, 25, 47, 129, 2, 0, 11.25%, 0, 0, 6, 171.21, 263643, 335, 0, 0
275, 26, 32, 130, 2, 0, 11.29%, 0, 0, 6, 721.94, 267372, 336, 0, 0
281, 26, 111, 130, 2, 0, 11.29%, 0, 0, 6, 1010.66, 272963, 336, 0, 0
286, 27, 78, 130, 2, 0, 11.29%, 0, 0, 6, 1100.53, 278564, 336, 0, 0
291, 27, 128, 130, 1, 0, 11.29%, 0, 0, 6, 677.23, 282777, 336, 0, 0
296, 28, 74, 131, 2, 0, 11.29%, 0, 0, 7, 1021.26, 288506, 336, 0, 0
301, 29, 40, 131, 2, 0, 11.29%, 0, 0, 7, 1105.23, 294188, 336, 0, 0
306, 29, 100, 131, 2, 0, 11.29%, 0, 0, 7, 513.36, 298595, 336, 0, 0
311, 30, 60, 131, 2, 0, 11.29%, 0, 0, 7, 988.66, 304436, 336, 0, 0
316, 30, 120, 131, 2, 0, 11.29%, 0, 0, 7, 1263.39, 309946, 336, 0, 0
321, 31, 54, 131, 1, 0, 11.29%, 0, 0, 7, 311.44, 314082, 336, 0, 0
326, 32, 5, 131, 1, 0, 11.29%, 0, 0, 7, 946.71, 319619, 336, 0, 0
332, 32, 94, 132, 2, 0, 11.29%, 0, 0, 7, 995.51, 324783, 336, 0, 0
337, 33, 3, 133, 2, 0, 11.32%, 0, 0, 7, 994.21, 329430, 337, 0, 0
342, 33, 88, 133, 1, 0, 11.32%, 0, 0, 7, 1024.55, 334366, 337, 0, 0
347, 34, 28, 133, 1, 0, 11.32%, 0, 0, 7, 1141.75, 340316, 337, 0, 0
352, 34, 107, 133, 1, 0, 11.32%, 0, 0, 7, 1080.19, 345760, 337, 0, 0
357, 35, 9, 135, 2, 0, 11.32%, 0, 0, 7, 1024.65, 350305, 337, 0, 0
362, 35, 101, 135, 2, 0, 11.32%, 0, 0, 7, 1138.82, 356041, 337, 0, 0
367, 36, 55, 135, 2, 0, 11.32%, 0, 0, 7, 1098.50, 361585, 337, 0, 0
372, 36, 109, 135, 2, 0, 11.32%, 0, 0, 7, 912.62, 365925, 337, 0, 0
377, 37, 64, 135, 2, 0, 11.32%, 0, 0, 7, 1048.67, 371672, 337, 0, 0
382, 37, 132, 135, 2, 0, 11.32%, 0, 0, 7, 1101.11, 377288, 337, 0, 0
387, 38, 64, 135, 2, 0, 11.32%, 0, 0, 7, 1063.46, 381292, 337, 0, 0
392, 39, 1, 135, 2, 0, 11.32%, 0, 0, 7, 1135.46, 386931, 337, 0, 0
397, 39, 97, 135, 2, 0, 11.32%, 0, 0, 7, 1108.84, 392531, 337, 0, 0
403, 40, 33, 135, 2, 0, 11.32%, 0, 0, 7, 943.55, 397506, 337, 0, 0
408, 40, 100, 135, 2, 0, 11.32%, 0, 0, 7, 1095.73, 402224, 337, 0, 0
413, 41, 51, 135, 2, 0, 11.32%, 0, 0, 7, 1084.71, 407701, 337, 0, 0
418, 41, 134, 136, 3, 0, 11.32%, 0, 0, 7, 1114.68, 413446, 337, 0, 0
423, 41, 134, 138, 5, 0, 11.32%, 0, 0, 7, 726.50, 417578, 337, 0, 0
428, 41, 138, 141, 5, 0, 11.32%, 0, 0, 7, 901.56, 422513, 337, 0, 0
433, 42, 79, 141, 4, 0, 11.32%, 0, 0, 7, 1023.10, 427754, 337, 0, 0
438, 42, 132, 141, 4, 0, 11.32%, 0, 0, 7, 978.11, 431918, 337, 0, 0
443, 43, 72, 141, 3, 0, 11.32%, 0, 0, 7, 1108.22, 437743, 337, 0, 0
447, 43, 118, 141, 3, 0, 11.32%, 0, 0, 7, 1075.33, 441229, 337, 0, 0
