# relative_time, cycles_done, cur_item, corpus_count, pending_total, pending_favs, map_size, saved_crashes, saved_hangs, max_depth, execs_per_sec, total_execs, edges_found, total_crashes, servers_count
61, 0, 1, 77, 63, 8, 10.08%, 0, 0, 2, 725.84, 51476, 300, 0, 0
66, 0, 26, 123, 97, 49, 11.22%, 0, 0, 2, 632.86, 54327, 334, 0, 0
71, 0, 34, 123, 83, 35, 11.22%, 0, 0, 2, 462.53, 56724, 334, 0, 0
76, 0, 40, 123, 70, 22, 11.22%, 0, 0, 2, 413.93, 58679, 334, 0, 0
82, 0, 66, 124, 56, 9, 11.25%, 0, 0, 3, 410.89, 60751, 335, 0, 0
87, 0, 36, 124, 46, 0, 11.25%, 0, 0, 3, 663.89, 63802, 335, 0, 0
92, 0, 126, 127, 45, 1, 11.32%, 0, 0, 3, 428.57, 68272, 337, 0, 0
97, 0, 55, 128, 43, 0, 11.32%, 0, 0, 3, 780.75, 72596, 337, 0, 0
102, 1, 119, 131, 36, 0, 11.32%, 0, 0, 3, 985.91, 77861, 337, 0, 0
107, 1, 48, 132, 30, 0, 11.32%, 0, 0, 3, 1138.08, 83348, 337, 0, 0
112, 1, 88, 132, 25, 0, 11.32%, 0, 0, 3, 890.62, 87187, 337, 0, 0
117, 1, 8, 133, 21, 0, 11.32%, 0, 0, 4, 1056.85, 92751, 337, 0, 0
123, 2, 80, 134, 16, 0, 11.32%, 0, 0, 4, 1055.15, 98093, 337, 0, 0
128, 2, 134, 136, 17, 0, 11.39%, 0, 0, 5, 759.93, 101895, 339, 0, 0
133, 2, 23, 136, 13, 0, 11.39%, 0, 0, 5, 956.76, 106722, 339, 0, 0
138, 2, 65, 136, 10, 0, 11.39%, 0, 0, 5, 1023.62, 112140, 339, 0, 0
143, 3, 51, 136, 7, 0, 11.39%, 0, 0, 5, 280.20, 117109, 339, 0, 0
148, 3, 126, 136, 6, 0, 11.39%, 0, 0, 5, 877.05, 122055, 339, 0, 0
153, 3, 48, 136, 6, 0, 11.39%, 0, 0, 5, 998.38, 127395, 339, 0, 0
158, 3, 97, 136, 5, 0, 11.39%, 0, 0, 5, 1008.54, 132704, 339, 0, 0
163, 4, 28, 136, 4, 0, 11.39%, 0, 0, 5, 988.13, 136911, 339, 0, 0
169, 4, 137, 138, 4, 0, 11.39%, 0, 0, 5, 1135.81, 142817, 339, 0, 0
174, 4, 48, 139, 3, 0, 11.39%, 0, 0, 5, 1129.04, 148509, 339, 0, 0
179, 4, 84, 139, 3, 0, 11.39%, 0, 0, 5, 969.39, 152683, 339, 0, 0
184, 5, 36, 139, 2, 0, 11.39%, 0, 0, 5, 1047.45, 158005, 339, 0, 0
189, 5, 24, 139, 2, 0, 11.39%, 0, 0, 5, 1039.24, 163383, 339, 0, 0
194, 5, 36, 139, 2, 0, 11.39%, 0, 0, 5, 835.54, 167462, 339, 0, 0
199, 5, 132, 139, 2, 0, 11.39%, 0, 0, 5, 1025.25, 173091, 339, 0, 0
204, 6, 27, 139, 2, 0, 11.39%, 0, 0, 5, 1059.26, 178449, 339, 0, 0
209, 6, 98, 139, 1, 0, 11.39%, 0, 0, 5, 858.20, 182893, 339, 0, 0
214, 6, 80, 139, 1, 0, 11.39%, 0, 0, 5, 1034.28, 188039, 339, 0, 0
219, 6, 62, 139, 1, 0, 11.39%, 0, 0, 5, 1088.04, 193557, 339, 0, 0
225, 7, 52, 139, 1, 0, 11.39%, 0, 0, 5, 1000.91, 198842, 339, 0, 0
230, 7, 50, 139, 1, 0, 11.39%, 0, 0, 5, 991.27, 203377, 339, 0, 0
235, 7, 26, 139, 1, 0, 11.39%, 0, 0, 5, 1115.75, 209303, 339, 0, 0
240, 8, 48, 139, 1, 0, 11.39%, 0, 0, 5, 1118.28, 215067, 339, 0, 0
245, 8, 37, 139, 1, 0, 11.39%, 0, 0, 5, 675.10, 219117, 339, 0, 0
250, 8, 84, 139, 1, 0, 11.39%, 0, 0, 5, 990.86, 224608, 339, 0, 0
255, 8, 9, 139, 1, 0, 11.39%, 0, 0, 5, 1023.89, 229894, 339, 0, 0
260, 9, 80, 139, 1, 0, 11.39%, 0, 0, 5, 897.00, 234073, 339, 0, 0
265, 9, 36, 139, 0, 0, 11.39%, 0, 0, 5, 1046.84, 239709, 339, 0, 0
270, 9, 31, 139, 0, 0, 11.39%, 0, 0, 5, 1066.37, 245261, 339, 0, 0
276, 9, 8, 139, 0, 0, 11.39%, 0, 0, 5, 458.13, 249448, 339, 0, 0
281, 10, 36, 139, 0, 0, 11.39%, 0, 0, 5, 1015.56, 255320, 339, 0, 0
286, 10, 36, 139, 0, 0, 11.39%, 0, 0, 5, 1062.25, 260806, 339, 0, 0
291, 10, 48, 139, 0, 0, 11.39%, 0, 0, 5, 855.18, 265414, 339, 0, 0
296, 10, 50, 139, 0, 0, 11.39%, 0, 0, 5, 1023.61, 270662, 339, 0, 0
301, 11, 125, 139, 0, 0, 11.39%, 0, 0, 5, 1063.98, 276160, 339, 0, 0
307, 11, 123, 139, 0, 0, 11.39%, 0, 0, 5, 222.91, 281108, 339, 0, 0
312, 11, 113, 139, 0, 0, 11.39%, 0, 0, 5, 866.50, 285995, 339, 0, 0
317, 12, 121, 139, 0, 0, 11.39%, 0, 0, 5, 1073.44, 291789, 339, 0, 0
322, 12, 126, 139, 0, 0, 11.39%, 0, 0, 5, 1118.01, 297359, 339, 0, 0
327, 12, 126, 139, 0, 0, 11.39%, 0, 0, 5, 975.15, 301677, 339, 0, 0
332, 12, 48, 139, 0, 0, 11.39%, 0, 0, 5, 1049.74, 307022, 339, 0, 0
337, 13, 23, 139, 0, 0, 11.39%, 0, 0, 5, 1038.23, 312258, 339, 0, 0
342, 13, 26, 139, 0, 0, 11.39%, 0, 0, 5, 929.91, 316806, 339, 0, 0
347, 13, 52, 139, 0, 0, 11.39%, 0, 0, 5, 1061.47, 322449, 339, 0, 0
352, 13, 103, 139, 0, 0, 11.39%, 0, 0, 5, 1092.30, 327934, 339, 0, 0
358, 14, 48, 139, 0, 0, 11.39%, 0, 0, 5, 878.03, 332359, 339, 0, 0
363, 14, 85, 139, 0, 0, 11.39%, 0, 0, 5, 1064.65, 338050, 339, 0, 0
368, 14, 104, 139, 0, 0, 11.39%, 0, 0, 5, 1035.93, 343347, 339, 0, 0
373, 14, 70, 140, 1, 0, 11.39%, 0, 0, 5, 895.26, 348222, 339, 0, 0
378, 15, 32, 141, 1, 0, 11.39%, 0, 0, 5, 951.35, 352938, 339, 0, 0
383, 15, 141, 142, 1, 0, 11.39%, 0, 0, 5, 1075.89, 358613, 339, 0, 0
389, 15, 26, 142, 0, 0, 11.39%, 0, 0, 5, 988.31, 363726, 339, 0, 0
394, 15, 125, 142, 0, 0, 11.39%, 0, 0, 5, 934.88, 367824, 339, 0, 0
399, 16, 32, 142, 0, 0, 11.39%, 0, 0, 5, 1105.63, 373596, 339, 0, 0
403, 16, 135, 142, 0, 0, 11.39%, 0, 0, 5, 0.00, 379014, 339, 0, 0
