# relative_time, cycles_done, cur_item, corpus_count, pending_total, pending_favs, map_size, saved_crashes, saved_hangs, max_depth, execs_per_sec, total_execs, edges_found, total_crashes, servers_count
61, 1, 48, 127, 24, 0, 11.22%, 0, 0, 4, 947.12, 42704, 334, 0, 0
66, 2, 77, 127, 21, 0, 11.22%, 0, 0, 4, 1003.92, 47172, 334, 0, 0
71, 2, 67, 129, 21, 0, 11.22%, 0, 0, 5, 55.78, 52103, 334, 0, 0
76, 2, 40, 131, 18, 0, 11.22%, 0, 0, 5, 1020.25, 57198, 334, 0, 0
81, 2, 66, 131, 14, 0, 11.22%, 0, 0, 5, 997.72, 61865, 334, 0, 0
87, 3, 9, 131, 13, 0, 11.22%, 0, 0, 5, 963.98, 66731, 334, 0, 0
92, 3, 131, 133, 12, 1, 11.29%, 0, 0, 5, 945.39, 71587, 336, 0, 0
97, 3, 87, 133, 8, 0, 11.29%, 0, 0, 5, 1013.63, 76475, 336, 0, 0
102, 4, 128, 134, 5, 0, 11.32%, 0, 0, 5, 986.74, 80610, 337, 0, 0
107, 4, 85, 135, 4, 0, 11.32%, 0, 0, 5, 970.24, 85575, 337, 0, 0
112, 4, 39, 135, 3, 0, 11.32%, 0, 0, 5, 1030.01, 90872, 337, 0, 0
117, 5, 95, 135, 2, 0, 11.32%, 0, 0, 5, 1015.89, 96041, 337, 0, 0
122, 5, 77, 137, 2, 0, 11.39%, 0, 0, 5, 1085.27, 100789, 339, 0, 0
127, 5, 51, 137, 1, 0, 11.39%, 0, 0, 5, 1026.48, 105931, 339, 0, 0
133, 5, 124, 137, 1, 0, 11.39%, 0, 0, 5, 1025.15, 111301, 339, 0, 0
138, 6, 51, 137, 1, 0, 11.39%, 0, 0, 5, 1002.67, 116231, 339, 0, 0
143, 6, 98, 137, 0, 0, 11.39%, 0, 0, 5, 1021.46, 121613, 339, 0, 0
148, 6, 58, 137, 0, 0, 11.39%, 0, 0, 5, 1045.59, 126863, 339, 0, 0
153, 7, 99, 137, 0, 0, 11.39%, 0, 0, 5, 1036.50, 132094, 339, 0, 0
158, 7, 126, 137, 0, 0, 11.39%, 0, 0, 5, 1023.13, 137384, 339, 0, 0
163, 7, 47, 137, 0, 0, 11.39%, 0, 0, 5, 1023.77, 142563, 339, 0, 0
168, 8, 83, 138, 1, 0, 11.39%, 0, 0, 5, 1013.41, 147620, 339, 0, 0
173, 8, 124, 140, 2, 0, 11.39%, 0, 0, 5, 1024.09, 152521, 339, 0, 0
178, 8, 28, 140, 2, 0, 11.39%, 0, 0, 5, 962.80, 157315, 339, 0, 0
183, 9, 138, 141, 2, 0, 11.39%, 0, 0, 6, 1002.18, 162390, 339, 0, 0
188, 9, 132, 141, 2, 0, 11.39%, 0, 0, 6, 992.72, 167384, 339, 0, 0
193, 9, 140, 141, 2, 0, 11.39%, 0, 0, 6, 1002.49, 172434, 339, 0, 0
198, 9, 124, 141, 1, 0, 11.39%, 0, 0, 6, 1044.81, 177464, 339, 0, 0
203, 10, 48, 141, 1, 0, 11.39%, 0, 0, 6, 1034.01, 182804, 339, 0, 0
208, 10, 77, 141, 1, 0, 11.39%, 0, 0, 6, 1008.64, 187904, 339, 0, 0
213, 10, 100, 141, 1, 0, 11.39%, 0, 0, 6, 1008.41, 192885, 339, 0, 0
219, 11, 44, 141, 1, 0, 11.39%, 0, 0, 6, 979.99, 197808, 339, 0, 0
224, 11, 39, 141, 1, 0, 11.39%, 0, 0, 6, 1013.03, 203045, 339, 0, 0
229, 11, 83, 141, 1, 0, 11.39%, 0, 0, 6, 975.52, 207770, 339, 0, 0
234, 12, 64, 141, 1, 0, 11.39%, 0, 0, 6, 975.18, 212751, 339, 0, 0
239, 12, 102, 141, 1, 0, 11.39%, 0, 0, 6, 1007.72, 217796, 339, 0, 0
244, 12, 49, 141, 1, 0, 11.39%, 0, 0, 6, 1022.87, 223047, 339, 0, 0
249, 12, 77, 141, 1, 0, 11.39%, 0, 0, 6, 1014.52, 228397, 339, 0, 0
254, 13, 96, 141, 1, 0, 11.39%, 0, 0, 6, 1009.72, 233417, 339, 0, 0
260, 13, 51, 141, 1, 0, 11.39%, 0, 0, 6, 1039.71, 238702, 339, 0, 0
265, 13, 9, 141, 1, 0, 11.39%, 0, 0, 6, 999.95, 243877, 339, 0, 0
270, 14, 96, 141, 1, 0, 11.39%, 0, 0, 6, 1025.37, 249002, 339, 0, 0
275, 14, 108, 141, 1, 0, 11.39%, 0, 0, 6, 953.83, 253765, 339, 0, 0
280, 14, 79, 141, 1, 0, 11.39%, 0, 0, 6, 1006.42, 259073, 339, 0, 0
285, 15, 79, 141, 1, 0, 11.39%, 0, 0, 6, 1016.59, 264203, 339, 0, 0
290, 15, 38, 141, 1, 0, 11.39%, 0, 0, 6, 1018.97, 269333, 339, 0, 0
295, 15, 50, 141, 1, 0, 11.39%, 0, 0, 6, 1011.98, 274613, 339, 0, 0
301, 16, 67, 141, 1, 0, 11.39%, 0, 0, 6, 1020.03, 279903, 339, 0, 0
306, 16, 79, 141, 1, 0, 11.39%, 0, 0, 6, 1028.70, 285113, 339, 0, 0
311, 16, 113, 141, 1, 0, 11.39%, 0, 0, 6, 1050.55, 290573, 339, 0, 0
316, 17, 40, 141, 1, 0, 11.39%, 0, 0, 6, 1051.30, 295848, 339, 0, 0
321, 17, 47, 141, 1, 0, 11.39%, 0, 0, 6, 1000.31, 300957, 339, 0, 0
326, 17, 124, 141, 0, 0, 11.39%, 0, 0, 6, 989.70, 305840, 339, 0, 0
331, 17, 39, 141, 0, 0, 11.39%, 0, 0, 6, 1032.85, 310898, 339, 0, 0
336, 18, 87, 141, 0, 0, 11.39%, 0, 0, 6, 1039.99, 316298, 339, 0, 0
341, 18, 77, 141, 0, 0, 11.39%, 0, 0, 6, 1031.21, 321648, 339, 0, 0
347, 18, 6, 141, 0, 0, 11.39%, 0, 0, 6, 1045.14, 327133, 339, 0, 0
352, 19, 6, 141, 0, 0, 11.39%, 0, 0, 6, 1046.83, 332423, 339, 0, 0
357, 19, 41, 141, 0, 0, 11.39%, 0, 0, 6, 1368.77, 339289, 339, 0, 0
357, 19, 50, 141, 0, 0, 11.39%, 0, 0, 6, 1382.30, 339549, 339, 0, 0
